0
1
2
0
0
0
3
0
0
3
1
0
0
0
0
0
0
30000
0
1
$2112
$40CEC2
$40CEB2
$40CF3C
$40CF2C
10
1000
0
0
0
0
0
0
0
0
0
0
0
0
0
0
0
0
0
0
0
0
0
0
0
300
100
0.95
2000
2.5
5
0
0
$76
4
10000
341
0
0
0
0
0
0
0
0
0
0
0
0
0
0
0
0
0
0
0
0
0
0
0
0
0
0
0
0
0
0
0
0
0
0
0
0
0
0
1
100
1
133336
5
0
1
10000
0
$201
0
0
0
1
0
0
8
10000000
0
1
70000
500
506
3000
0
500
$CF16
$CF16
1
0
32000
999999
0
10
2000
65536
0
0
0
0
0
0
0
0
0
0
0
0
0
0
0
0
100
50
3000
0
1
100
5000
0
100
0
0
100
0
0
0
0
0
0
0
0
0
0
0
0
0
0
0
0
0
2
0
0
0
$CF1A
16
0
0
0
0
0
0
0
0
0
0
0
0
0
0
100
1
10000
5
0
1
10000
0
0
0
0
0
1
0
0
8
16777216
0
1
0
0
0
0
0
0
$CF24
$CF24
1
0
0
2000
0
10
0
0
0
0
0
0
0
0
0
0
0
0
0
0
0
0
1
0
100
50
3000
0
1
100
5000
0
0
0
0
100
0
0
0
0
0
0
0
0
0
0
0
0
0
0
0
0
4
2
0
0
0
$CF1A
16
0
0
0
0
0
0
0
0
0
0
0
0
0
0
100
1
10000
5
0
1
10000
0
0
0
0
0
1
0
0
8
0
0
1
0
0
0
0
0
0
$CF25
$CF25
1
0
0
2000
0
10
0
0
0
0
0
0
0
0
0
0
0
0
0
0
0
0
1
0
100
50
3000
0
1
100
5000
0
0
0
0
100
0
0
0
0
0
0
0
0
0
0
0
0
0
0
0
0
0
1
0
0
0
$CF1A
16
0
0
0
0
0
0
0
0
0
0
0
0
0
3
100
1
10000
5
0
1
10000
-2000
0
0
0
0
1
0
0
8
10000000
0
1
0
0
0
0
0
0
$CF19
$CF19
1
0
0
2000
0
10
0
0
0
0
0
0
0
0
0
0
0
0
0
0
0
0
1
0
100
50
3000
0
1
100
5000
0
0
0
0
100
0
0
0
0
0
0
0
0
0
0
0
0
0
0
0
0
4
2
3
0
0
$CF1A
16
0
0
0
0
0
0
0
0
0
0
0
0
0
